Line  OP   L   M
 0    jmp  0  20
 1    jmp  0   3
 2    jmp  0  12
 3    inc  0   6
 4    lit  0  13
 5    sto  0   4
 6    lit  0   1
 7    sto  1   4
 8    lit  0   7
 9    sto  0   5
10    cal  0  12
11    opr  0   0
12    inc  0   4
13    lit  0   8
14    lod  1   5
15    opr  0   2
16    sto  0   0
17    lod  0   0
18    sto  2   5
19    opr  0   0
20    inc  0   6
21    lit  0   3
22    sto  0   4
23    lit  0   9
24    sto  0   5
25    cal  0   3
26    sio  0   3

                     pc   bp   sp   stack
Initial values        0    1    0
 0    jmp  0  20     20    1    0 
20    inc  0   6     21    1    6   0  0  0  0  0  0
21    lit  0   3     22    1    7   0  0  0  0  0  0  3
22    sto  0   4     23    1    6   0  0  0  0  3  0
23    lit  0   9     24    1    7   0  0  0  0  3  0  9
24    sto  0   5     25    1    6   0  0  0  0  3  9
25    cal  0   3      3    7    6   0  0  0  0  3  9|  0  1  1 26
 3    inc  0   6      4    7   12   0  0  0  0  3  9|  0  1  1 26  0  0
 4    lit  0  13      5    7   13   0  0  0  0  3  9|  0  1  1 26  0  0 13
 5    sto  0   4      6    7   12   0  0  0  0  3  9|  0  1  1 26 13  0
 6    lit  0   1      7    7   13   0  0  0  0  3  9|  0  1  1 26 13  0  1
 7    sto  1   4      8    7   12   0  0  0  0  1  9|  0  1  1 26 13  0
 8    lit  0   7      9    7   13   0  0  0  0  1  9|  0  1  1 26 13  0  7
 9    sto  0   5     10    7   12   0  0  0  0  1  9|  0  1  1 26 13  7
10    cal  0  12     12   13   12   0  0  0  0  1  9|  0  1  1 26 13  7|  0  7  7 11
12    inc  0   4     13   13   16   0  0  0  0  1  9|  0  1  1 26 13  7|  0  7  7 11
13    lit  0   8     14   13   17   0  0  0  0  1  9|  0  1  1 26 13  7|  0  7  7 11  8
14    lod  1   5     15   13   18   0  0  0  0  1  9|  0  1  1 26 13  7|  0  7  7 11  8  7
15    opr  0   2     16   13   17   0  0  0  0  1  9|  0  1  1 26 13  7|  0  7  7 11 15
16    sto  0   0     17   13   16   0  0  0  0  1  9|  0  1  1 26 13  7| 15  7  7 11
17    lod  0   0     18   13   17   0  0  0  0  1  9|  0  1  1 26 13  7| 15  7  7 11 15
18    sto  2   5     19   13   16   0  0  0  0  1 15|  0  1  1 26 13  7| 15  7  7 11
19    opr  0   0     11    7   12   0  0  0  0  1 15|  0  1  1 26 13  7
11    opr  0   0     26    1    6   0  0  0  0  1 15
26    sio  0   3      0    0    0 
